P2
# Synthetic height map for the river-extraction MVP.
# Lower values indicate lower terrain.
16 16
255
210 205 200 195 190 185 180 175 170 165 160 155 150 145 140 135
205 198 192 186 180 174 168 162 156 150 144 138 132 126 120 114
200 192 184 176 168 160 152 144 136 128 120 112 104  96  88  80
195 186 176 166 156 146 136 126 116 106  96  86  76  66  56  46
190 180 168 156 144 132 120 108  96  84  72  60  48  36  28  24
185 174 160 146 132 118 104  90  76  62  48  34  28  24  22  20
180 168 152 136 120 104  88  72  56  40  30  24  20  18  16  14
175 162 144 126 108  90  72  54  36  28  22  18  14  12  10   9
170 156 136 116  96  76  56  36  26  20  16  12  10   8   7   6
175 162 144 126 108  90  72  54  36  28  22  18  14  12  10   9
180 168 152 136 120 104  88  72  56  40  30  24  20  18  16  14
185 174 160 146 132 118 104  90  76  62  48  34  28  24  22  20
190 180 168 156 144 132 120 108  96  84  72  60  48  36  28  24
195 186 176 166 156 146 136 126 116 106  96  86  76  66  56  46
200 192 184 176 168 160 152 144 136 128 120 112 104  96  88  80
205 198 192 186 180 174 168 162 156 150 144 138 132 126 120 114
